top's Config File (Linux processes with windows)
Id:k, Mode_altscr=0, Mode_irixps=1, Delay_time=3.0, Curwin=0
Def	fieldscur=  75   77   81  103  105  119  123  129  137  111  117  115   84   78   90   96  108  120  112  124 
		   126  130  134  140  142  139  154  152   82   86   88   92   94   98  100  106  132  144  146  148 
		   150  156  158  160  162  164  166  168  170  172  174  176  178  180  182  184  186  188  190  192 
		   194  196  198  200  202  204  206  208  210  212  214  216  218  220  222  224  226  228  230  232 
		   234  236  238  240  242  244  246  248  250  252  254  256  258  260  262  264  266  268  270  272 
	winflags=195900, sortindx=24, maxtasks=0, graph_cpus=0, graph_mems=0, double_up=0, combine_cpus=0, core_types=0
	summclr=2, msgsclr=1, headclr=3, taskclr=6
Job	fieldscur=  75   77   84   80   90   96  108  112  124  126  128  130  134  140  142  115  111  117  103  105 
		   137  119  121  123   79  139  154  152   82   86   88   92   94   98  100  106  132  144  146  148 
		   150  156  158  160  162  164  166  168  170  172  174  176  178  180  182  184  186  188  190  192 
		   194  196  198  200  202  204  206  208  210  212  214  216  218  220  222  224  226  228  230  232 
		   234  236  238  240  242  244  246  248  250  252  254  256  258  260  262  264  266  268  270  272 
	winflags=193852, sortindx=0, maxtasks=0, graph_cpus=0, graph_mems=0, double_up=0, combine_cpus=0, core_types=0
	summclr=6, msgsclr=6, headclr=7, taskclr=6
Mem	fieldscur=  75  117  119  121  123  125  127  129  131  135   76   84   78   80   90   96  108  112  114  140 
		   142  137  103  105  111  139  154  152   82   86   88   92   94   98  100  106  132  144  146  148 
		   150  156  158  160  162  164  166  168  170  172  174  176  178  180  182  184  186  188  190  192 
		   194  196  198  200  202  204  206  208  210  212  214  216  218  220  222  224  226  228  230  232 
		   234  236  238  240  242  244  246  248  250  252  254  256  258  260  262  264  266  268  270  272 
	winflags=193852, sortindx=21, maxtasks=0, graph_cpus=0, graph_mems=0, double_up=0, combine_cpus=0, core_types=0
	summclr=5, msgsclr=5, headclr=4, taskclr=5
Usr	fieldscur=  75   77   79   81   85   97   90  102  104  108  112  118  120  122  124  126  128  130  134  140 
		   142  115  111  117  137  139  154  152   82   86   88   92   94   98  100  106  132  144  146  148 
		   150  156  158  160  162  164  166  168  170  172  174  176  178  180  182  184  186  188  190  192 
		   194  196  198  200  202  204  206  208  210  212  214  216  218  220  222  224  226  228  230  232 
		   234  236  238  240  242  244  246  248  250  252  254  256  258  260  262  264  266  268  270  272 
	winflags=193852, sortindx=3, maxtasks=0, graph_cpus=0, graph_mems=0, double_up=0, combine_cpus=0, core_types=0
	summclr=3, msgsclr=3, headclr=2, taskclr=3
Fixed_widest=0, Summ_mscale=0, Task_mscale=1, Zero_suppress=0, Tics_scaled=0
